-0.037829 0.12794 0.004474
-0.044779 0.128887 0.001904
-0.068009 0.151244 0.037195
-0.002287 0.13015 0.02322
-0.022605 0.126675 0.007155
-0.025107 0.125921 0.006242
-0.03712 0.127449 0.001795
0.033213 0.112692 0.027686
-0.025508 0.112568 0.036676
-0.02453 0.112636 0.037346
0.027403 0.12156 0.02122
-0.062896 0.158419 -0.017587
0.040081 0.104202 0.022168
0.045153 0.093196 0.01116
-0.032496 0.174231 -0.002389
-0.072494 0.126022 0.052902
0.007998 0.131294 0.0169
0.040026 0.10701 0.008165
0.037165 0.099717 -0.009812
-0.090596 0.140629 0.022169
-0.084341 0.109004 0.02436
-0.06887 0.156258 0.01477
-0.084478 0.152284 0.026984
0.005367 0.125777 0.031792
0.008932 0.124393 0.033075
-0.031541 0.125778 0.003875
-0.049674 0.141672 0.012389
-0.078482 0.135851 0.050645
-0.004258 0.128035 0.028334
-0.045478 0.123431 0.02512
-0.023538 0.11268 0.037997
-0.07902 0.093561 -0.010596
0.023574 0.124212 0.022642
-0.090212 0.122664 0.005285
0.040374 0.101353 -0.002828
0.041224 0.101389 -0.000814
-0.085976 0.117044 0.000228
-0.049905 0.141681 0.013398
-0.032501 0.177105 -0.004433
-0.077495 0.147028 0.04169
0.024031 0.1242 0.021382
-0.02252 0.112681 0.038478
-0.020201 0.177138 -0.02278
-0.038191 0.168168 -0.012782
-0.021499 0.112665 0.038813
-0.032236 0.126297 0.006538
-0.030373 0.125779 0.007225
0.010422 0.127848 0.027846
-0.046367 0.133058 0.016025
-0.026307 0.125672 0.005799
-0.023855 0.126292 0.006698
0.017466 0.122816 0.03043
0.018411 0.122524 0.030758
0.016638 0.123302 0.030131
0.033765 0.111689 0.027893
0.032048 0.11465 0.02724
-0.040504 0.166738 0.00354
-0.089138 0.129503 0.004231
-0.053754 0.143134 0.026401
0.042976 0.098717 0.018166
0.042638 0.101488 0.01116
0.040945 0.095751 0.028163
-0.055076 0.154226 0.016719
-0.024692 0.156571 -0.004081
-0.068509 0.147001 0.041284
-0.071534 0.141411 0.046432
-0.070034 0.063147 0.020056
-0.090438 0.119966 0.005296
-0.075493 0.127441 0.05304
-0.040521 0.16525 0.003792
-0.064489 0.161538 -0.018497
-0.034311 0.126654 0.002827
-0.046039 0.132757 0.014679
-0.068275 0.155222 0.004809
-0.092142 0.116123 0.03831
0.0063 0.125509 0.032121
0.007174 0.125139 0.032446
0.008055 0.124767 0.03276
-0.032433 0.126109 0.003554
-0.063357 0.155908 0.012385
0.031441 0.115539 0.027013
0.030848 0.116432 0.026792
0.039649 0.097027 -0.006775
-0.071523 0.165101 -0.016737
-0.072564 0.165173 -0.017044
-0.007493 0.122405 0.035233
-0.008499 0.12243 0.035017
0.028909 0.092919 0.043702
-0.013501 0.163627 -0.011822
-0.043495 0.166715 0.003915
-0.030247 0.125253 0.002903
-0.04273 0.169809 0.000879
-0.020509 0.112696 0.038974
-0.090533 0.135117 0.02121
-0.076498 0.127442 0.053215
-0.019491 0.112675 0.039293
-0.08649 0.103559 0.005403
-0.050063 0.141673 0.014396
0.032267 0.102123 0.036284
-0.034494 0.171246 -0.000779
-0.076481 0.141399 0.047171
-0.076475 0.146968 0.042137
-0.039476 0.17111 0.000601
0.039176 0.106978 0.020168
-0.085121 0.108927 0.005362
0.045289 0.086179 0.020163
0.017224 0.12732 0.021726
-0.015763 0.12799 0.003857
-0.072519 0.141421 0.046697
-0.050499 0.156412 0.010191
-0.090743 0.135107 0.020209
-0.075496 0.141423 0.047197
-0.035513 0.176726 -0.007963
0.040666 0.105637 0.005162
-0.092035 0.126943 0.033253
0.037492 0.098306 -0.009772
0.040491 0.098527 -0.004827
0.041842 0.098603 -0.001808
0.030655 0.102095 0.037477
0.045752 0.086206 0.013164
-0.030533 0.178655 -0.005653
-0.028415 0.178753 -0.005948
-0.071493 0.121802 0.053522
-0.072504 0.146981 0.042386
-0.061 0.129721 0.039895
0.042608 0.093042 0.026171
-0.008859 0.13031 0.015051
-0.017334 0.128368 0.011977
-0.031308 0.126018 0.006884
-0.07007 0.155642 0.007073
0.012157 0.123544 0.032833
-0.009331 0.127279 0.027974
-0.065723 0.153927 0.031932
-0.071778 0.154685 0.029808
0.019302 0.12103 0.032512
-0.042515 0.17187 -0.00332
-0.044217 0.170815 -0.003914
-0.018505 0.112714 0.03947
-0.050496 0.157865 0.009435
-0.075485 0.146995 0.042282
-0.013723 0.16215 -0.011832
-0.073561 0.16372 -0.014997
0.038667 0.106943 0.023164
0.039036 0.108381 0.014166
0.042196 0.092954 -0.004798
-0.045499 0.163749 0.005552
-0.043523 0.163746 0.005242
-0.070366 0.16678 -0.020671
-0.025416 0.090512 0.049011
-0.035205 0.126987 0.002506
-0.087274 0.139127 0.007192
-0.014735 0.124887 0.029008
-0.036001 0.17408 -0.011895
-0.089164 0.092894 0.011443
-0.033385 0.126373 0.003173
0.019279 0.122165 0.03109
-0.064607 0.15754 -0.011317
-0.064103 0.156361 -0.011127
-0.063591 0.15525 -0.01094
-0.070966 0.138448 -0.007549
-0.070547 0.1414 0.046048
-0.075571 0.165165 -0.020154
-0.076711 0.165247 -0.022942
0.029619 0.117006 0.027763
0.030254 0.115002 0.029433
0.040597 0.101404 0.024173
0.040442 0.105635 0.015165
-0.017495 0.112701 0.039567
-0.073496 0.147014 0.042421
-0.073465 0.11597 0.051941
0.013492 0.114016 0.037999
0.012488 0.114028 0.038245
-0.082629 0.110259 0.0284
0.041721 0.100008 -0.000812
-0.077491 0.135849 0.050759
-0.01649 0.112704 0.039802
-0.015499 0.112736 0.040088
-0.035499 0.17123 0.000174
-0.036455 0.171237 0.000642
-0.037505 0.171208 0.000818
-0.038499 0.171162 0.000767
-0.061909 0.118087 -0.010275
-0.070971 0.166609 -0.048011
-0.091466 0.14613 0.02415
-0.014489 0.112737 0.040434
-0.013486 0.112741 0.040672
-0.012499 0.112778 0.04085
-0.021509 0.114043 0.037694
-0.090313 0.126767 0.005284
0.010491 0.114065 0.038775
0.02764 0.118218 0.028442
0.030981 0.102484 -0.014532
0.04249 0.101472 0.005172
0.000497 0.114196 0.041419
-0.067517 0.146991 0.040902
0.042405 0.101483 0.004166
0.040549 0.099919 -0.003793
-0.072489 0.12743 0.05243
-0.041598 0.169934 0.001291
-0.014588 0.128899 0.008637
0.004323 0.131753 0.011284
-0.06351 0.151152 0.036187
0.034591 0.113857 0.022495
0.017529 0.092684 0.048312
0.007019 0.131464 0.016543
-0.011479 0.112753 0.04115
0.038187 0.10978 0.013167
-0.079399 0.096293 -0.009513
0.041292 0.101424 0.02116
0.041926 0.101462 0.017159
-0.078798 0.113337 -0.003204
-0.077968 0.135412 -0.005254
0.006131 0.105885 -0.020891
0.009136 0.105871 -0.020402
0.011119 0.129735 0.022336
0.004375 0.131145 0.019874
-0.002017 0.131125 0.017538
-0.036352 0.126723 0.0183
-0.016077 0.128732 0.012433
-0.033123 0.126633 0.006217
0.009537 0.128186 0.027508
-0.022131 0.122996 0.026411
-0.070934 0.162789 -0.012226
-0.06206 0.155611 0.00849
-0.046839 0.132859 0.02027
-0.041026 0.172571 -0.002822
-0.038559 0.173184 -0.001909
-0.014108 0.128922 0.007366
-0.056474 0.041367 0.046424
-0.055489 0.041398 0.046515
-0.054475 0.041331 0.046571
-0.053496 0.041391 0.046388
-0.052604 0.041455 0.046096
-0.041534 0.163761 0.004447
-0.004736 0.13076 0.007935
-0.089876 0.135147 0.025216
-0.008624 0.122038 -0.011329
-0.047512 0.041174 0.044431
-0.046493 0.04117 0.044246
-0.045485 0.041157 0.044042
-0.042485 0.041055 0.043136
-0.041494 0.041025 0.042851
-0.065095 0.162442 -0.018719
-0.033646 0.125738 0.019292
-0.080626 0.150792 0.034382
-0.065096 0.155112 0.005962
-0.002141 0.127727 0.029143
-0.089748 0.092944 0.015436
0.020867 0.121124 0.031677
0.020103 0.121698 0.031396
-0.065262 0.158339 -0.011558
-0.031934 0.125225 0.0008
-0.032843 0.125555 0.000439
-0.033725 0.125903 0.000119
-0.03465 0.126197 -0.000232
-0.035588 0.126454 -0.000576
-0.083875 0.106118 0.000396
-0.016496 0.114086 0.038935
0.042236 0.101506 0.015169
0.039433 0.101324 0.027167
0.040234 0.101386 0.025181
0.039579 0.107012 0.017168
-0.052498 0.157892 0.009465
-0.049489 0.157875 0.009217
-0.0485 0.157854 0.009045
-0.010487 0.112778 0.041308
-0.03749 0.172653 -0.000576
0.041782 0.101446 0.018156
0.044826 0.087545 0.022163
-0.030085 0.179019 -0.005896
-0.023575 0.157761 -0.003397
0.023463 0.12256 0.026885
-0.00779 0.130523 0.012562
0.04086 0.101423 0.023176
0.038241 0.108427 0.021059
-0.027502 0.115261 0.033759
-0.02552 0.115294 0.033915
-0.021518 0.115416 0.036565
-0.0205 0.115412 0.03703
-0.075499 0.115715 0.051523
-0.000524 0.041433 0.046789
0.000487 0.041412 0.046578
0.00148 0.041399 0.046395
0.002483 0.041374 0.04616
0.003488 0.041364 0.04602
0.004501 0.041337 0.045864
0.005496 0.041325 0.045703
0.006484 0.041323 0.045585
0.007486 0.041302 0.045475
0.008494 0.041284 0.045315
-0.050497 0.159322 0.008519
-0.048483 0.159357 0.008328
-0.046492 0.159333 0.007795
-0.009488 0.112787 0.04155
-0.008493 0.112803 0.041579
-0.075502 0.131669 0.052493
0.026973 0.121605 0.022483
-0.060926 0.155849 0.021944
-0.017504 0.114096 0.038714
0.030303 0.118886 0.022305
0.038029 0.105425 -0.001797
-0.082407 0.136209 -0.001703
0.038017 0.101228 -0.007866
-0.007493 0.112788 0.041552
-0.036504 0.169731 0.000981
-0.075497 0.123189 0.053128
0.035452 0.106753 -0.006951
-0.071493 0.126019 0.052783
0.037747 0.104052 -0.00484
0.041446 0.101443 0.020163
0.045934 0.086219 0.01017
-0.070851 0.0937 -0.015929
-0.069832 0.093722 -0.01627
-0.07381 0.093595 -0.014681
-0.071815 0.093664 -0.015581
-0.072824 0.09363 -0.01509
-0.027439 0.180304 -0.007157
-0.025431 0.180214 -0.008705
0.01024 0.13009 0.022007
-0.055443 0.158541 0.007952
-0.059742 0.156334 0.00641
-0.062459 0.155071 0.005462
-0.06865 0.155409 0.006129
-0.035471 0.126342 0.018617
-0.023563 0.126621 0.009716
-0.034001 0.127005 0.005893
-0.072851 0.148958 0.040131
-0.071937 0.16298 -0.012569
-0.046909 0.134066 0.015805
-0.069741 0.154452 0.030516
-0.077209 0.09543 0.036854
-0.039744 0.172952 -0.002347
-0.057497 0.042699 0.045371
-0.056488 0.042714 0.045713
-0.055494 0.042729 0.045845
-0.054497 0.042737 0.045856
-0.053498 0.042739 0.045857
-0.052519 0.042693 0.045659
-0.037249 0.126436 -0.002648
0.039077 0.099844 -0.006818
-0.087579 0.134961 0.003247
-0.048498 0.042577 0.044224
-0.0475 0.042546 0.043959
-0.046506 0.042523 0.043804
-0.045499 0.042525 0.043712
-0.044507 0.042499 0.043443
-0.04249 0.042432 0.042741
-0.041496 0.042414 0.042593
-0.040483 0.042356 0.041993
-0.03949 0.042299 0.041628
-0.070243 0.163232 -0.013411
-0.069365 0.16286 -0.013091
-0.068597 0.162283 -0.012803
-0.067876 0.1616 -0.012536
-0.067221 0.1608 -0.012292
-0.066553 0.160013 -0.012042
-0.065918 0.159142 -0.011802
-0.03109 0.124844 0.001085
-0.028515 0.043335 0.051316
-0.027451 0.043312 0.051911
-0.026328 0.043492 0.052686
-0.02548 0.043493 0.053159
-0.024501 0.043543 0.053436
-0.023487 0.043537 0.053601
-0.022493 0.043554 0.053565
0.009431 0.130854 0.018853
-0.043508 0.165227 0.004703
-0.0445 0.165214 0.004831
0.021929 0.123716 0.026313
-0.02376 0.156715 -0.005303
-0.006645 0.1307 0.012983
-0.014532 0.043279 0.051071
-0.01352 0.043247 0.050736
-0.012539 0.043208 0.050438
-0.011518 0.043176 0.050022
-0.010537 0.043132 0.049717
-0.009523 0.043105 0.049401
-0.008531 0.043061 0.049014
-0.007539 0.04303 0.048745
-0.006547 0.043 0.048474
-0.005546 0.042963 0.048113
-0.004545 0.042944 0.047873
-0.003542 0.042909 0.04749
-0.002533 0.042882 0.047136
-0.000523 0.042827 0.046506
0.000556 0.042797 0.046212
0.001484 0.042792 0.046065
0.002495 0.042774 0.045899
0.003495 0.042743 0.045683
0.0045 0.042738 0.045618
0.00552 0.042718 0.04553
0.006494 0.042719 0.045436
0.007486 0.042709 0.045277
0.008487 0.042692 0.045147
0.009493 0.042669 0.045028
-0.031271 0.125373 0.00251
0.018511 0.114004 0.037068
-0.016671 0.128014 0.019498
-0.009489 0.114167 0.040802
-0.011478 0.114128 0.040392
-0.013488 0.11412 0.0398
-0.025527 0.113962 0.035326
-0.053054 0.14469 0.022399
-0.062339 0.172509 -0.053612
-0.038136 0.171203 -0.011844
-0.053888 0.131144 0.034361
-0.065797 0.132562 0.043529
0.042559 0.101502 0.012163
0.026924 0.118903 0.028181
-0.038498 0.169734 0.001802
-0.093857 0.120136 0.024292
0.045562 0.088998 0.004175
-0.00649 0.112763 0.041502
-0.005488 0.112771 0.041624
-0.076844 0.113421 -0.004591
-0.046164 0.162128 -0.00806
-0.041146 0.162173 -0.011361
-0.05067 0.068076 0.037511
-0.035826 0.092929 -0.023803
-0.036826 0.092913 -0.023669
-0.004493 0.112805 0.041803
0.039816 0.107019 0.014166
-0.071527 0.14003 0.047223
-0.084575 0.151155 0.02981
-0.00349 0.112806 0.041915
0.00931 0.130351 0.021667
-0.061188 0.155469 0.005899
-0.068671 0.165205 -0.052994
-0.065782 0.158229 -0.010303
-0.064603 0.156332 -0.009861
-0.001129 0.125371 0.032355
-0.024816 0.126254 0.009261
-0.038817 0.128112 0.00411
-0.074795 0.149331 0.039405
0.011294 0.127457 0.02816
-0.070746 0.161979 -0.010709
0.018439 0.121423 0.032219
-0.067754 0.154168 0.031227
-0.064733 0.15377 0.032282
-0.057496 0.044018 0.044476
-0.056489 0.04404 0.044834
-0.05548 0.044019 0.045032
-0.054495 0.044011 0.04503
-0.053502 0.044035 0.04494
-0.051525 0.043956 0.044516
-0.050557 0.043912 0.044131
-0.049501 0.043944 0.043829
-0.048518 0.043879 0.043522
-0.047512 0.043856 0.04326
-0.046512 0.04384 0.043121
-0.045502 0.043863 0.043052
-0.044504 0.043848 0.042919
-0.043503 0.043823 0.042467
-0.0425 0.04377 0.042053
-0.041488 0.043792 0.042119
-0.040498 0.043751 0.041817
-0.039497 0.043699 0.041313
-0.038489 0.043651 0.040996
-0.014319 0.128437 0.020341
-0.022938 0.126187 0.004123
-0.024186 0.125789 0.003665
-0.025502 0.125351 0.003179
-0.026695 0.125077 0.002739
-0.027895 0.124828 0.002293
-0.028881 0.124884 0.00195
-0.03007 0.124739 0.001484
-0.029479 0.044608 0.050399
-0.028458 0.044617 0.050711
-0.027479 0.044646 0.050767
-0.026492 0.044702 0.051154
-0.025475 0.044766 0.051952
-0.024482 0.044849 0.052682
-0.023483 0.044881 0.053028
-0.022492 0.044895 0.053052
-0.020521 0.044856 0.052862
-0.066498 0.146992 0.040171
-0.017488 0.044685 0.051761
-0.016509 0.044673 0.051333
-0.01554 0.044662 0.051048
-0.014523 0.044631 0.050609
-0.013551 0.044568 0.050286
-0.012549 0.044536 0.049925
-0.011545 0.044503 0.049573
-0.010539 0.044469 0.049222
-0.009535 0.044441 0.048864
-0.008535 0.044404 0.048495
-0.007526 0.044383 0.04815
-0.006529 0.044362 0.047875
-0.005519 0.044336 0.047543
-0.004521 0.044318 0.047273
-0.003516 0.044282 0.04692
-0.002516 0.044264 0.046652
-0.001507 0.044227 0.046382
-0.000506 0.044214 0.046198
0.000494 0.044208 0.046056
0.0015 0.044183 0.045972
0.002502 0.044189 0.045956
0.003503 0.044164 0.045871
0.0045 0.044184 0.04598
0.005506 0.044137 0.045785
0.006502 0.044152 0.045742
0.007518 0.044087 0.045446
0.00849 0.044113 0.04519
0.009497 0.044063 0.044845
0.01949 0.113962 0.036866
-0.000436 0.122463 0.035627
0.007483 0.11412 0.039895
-0.010493 0.114167 0.040569
-0.012486 0.114128 0.040049
-0.023546 0.114036 0.036605
-0.024551 0.114015 0.035859
-0.019508 0.11546 0.037337
-0.079505 0.148405 0.038911
-0.078497 0.148406 0.039536
-0.077501 0.148428 0.039927
-0.044461 0.12936 0.018257
-0.080466 0.131637 0.052194
-0.051491 0.154976 0.0111
-0.0395 0.16971 0.001898
0.038531 0.099797 -0.007794
0.037902 0.099757 -0.008797
0.045198 0.08898 0.017166
0.000137 0.104495 -0.022151
-0.073811 0.090725 -0.015069
-0.072816 0.090758 -0.015466
-0.071818 0.090791 -0.015859
-0.070799 0.090822 -0.01632
-0.068812 0.090855 -0.016612
-0.069817 0.090843 -0.016497
-0.033107 0.125984 0.001802
0.025561 0.120425 0.027665
-0.039513 0.166742 0.003129
-0.038446 0.166779 0.002393
-0.004822 0.130969 0.015083
-0.073519 0.135848 0.050052
0.008288 0.130472 0.021305
-0.015947 0.124632 0.028589
-0.066193 0.155092 0.005563
-0.065132 0.157423 -0.010063
-0.067117 0.159814 -0.010797
-0.022226 0.090641 0.052871
-0.034931 0.127285 0.005548
-0.039808 0.128271 0.003746
-0.092008 0.116136 0.039309
-0.004022 0.097552 0.052659
-0.06698 0.1589 -0.009297
-0.012775 0.126776 0.026734
-0.013929 0.126622 0.026326
0.047185 0.069284 0.024228
-0.057474 0.045288 0.043533
-0.056461 0.045236 0.043722
-0.05548 0.045273 0.043759
-0.052516 0.045235 0.04361
-0.051512 0.045278 0.043411
-0.05051 0.045246 0.042919
-0.049517 0.045186 0.04263
-0.048502 0.045212 0.042426
-0.047499 0.045181 0.042165
-0.046498 0.04517 0.041927
-0.045498 0.045182 0.042049
-0.044496 0.045194 0.04196
-0.043491 0.045194 0.041649
-0.042493 0.045133 0.041337
-0.041497 0.045132 0.04144
-0.040495 0.04514 0.041463
-0.039502 0.045056 0.041108
-0.038496 0.045046 0.040648
-0.069527 0.156219 -3.7e-005
-0.072588 0.155473 0.026584
-0.075815 0.155373 0.025459
-0.006017 0.099041 0.050463
0.029609 0.114943 -0.005838
-0.091882 0.116106 0.033315
-0.029437 0.045874 0.049495
-0.02847 0.045966 0.050022
-0.027461 0.045988 0.050359
-0.026446 0.04599 0.050565
-0.025466 0.046065 0.050984
-0.024485 0.046146 0.051609
-0.023488 0.046203 0.052202
-0.022489 0.046205 0.052304
-0.021496 0.046196 0.052293
-0.02051 0.046185 0.05217
-0.019536 0.046121 0.051867
-0.018544 0.046085 0.051507
-0.017544 0.046036 0.051038
-0.016538 0.045997 0.050574
-0.015534 0.045964 0.050215
-0.014532 0.045926 0.049859
-0.013528 0.045891 0.049358
-0.012533 0.045846 0.048979
-0.011538 0.045829 0.048671
-0.010533 0.045799 0.048351
-0.009521 0.045789 0.048015
-0.008507 0.045764 0.047699
-0.007505 0.045741 0.047457
-0.006497 0.045716 0.047273
-0.005494 0.045699 0.047156
-0.004493 0.045679 0.047057
-0.003497 0.045672 0.046986
-0.002489 0.04565 0.046962
-0.001496 0.045681 0.047029
-0.000499 0.04568 0.047038
0.000501 0.045729 0.047254
0.001509 0.045828 0.047701
0.002516 0.045906 0.048056
0.003511 0.045936 0.0483
0.004501 0.045945 0.048419
0.00549 0.045955 0.048539
0.006476 0.045961 0.048401
0.007471 0.045865 0.047811
0.008455 0.04577 0.04692
0.009531 0.045562 0.046183
-0.035498 0.115235 0.032787
-0.033517 0.115303 0.032985
-0.034501 0.115223 0.032888
-0.048491 0.115278 0.033419
-0.002489 0.112799 0.041996
0.042947 0.084577 -0.005791
-0.007493 0.114174 0.040929
-0.006487 0.114138 0.040862
-0.034372 0.127227 0.007216
-0.067513 0.145595 0.041804
-0.068518 0.1456 0.042424
-0.076485 0.148385 0.040389
-0.039374 0.174134 -0.005046
0.041067 0.10142 0.022166
-0.051493 0.156432 0.010471
0.020289 0.124676 0.025709
-0.015127 0.128803 0.009887
-0.001493 0.112805 0.042116
-0.02281 0.123961 0.023212
0.040557 0.104219 0.019164
0.031512 0.04396 0.029913
0.032509 0.043907 0.029415
-0.049096 0.156122 -0.006214
-0.027193 0.174158 -0.018345
-0.030725 0.091572 -0.024746
-0.031834 0.091562 -0.024444
-0.029867 0.091646 -0.025228
-0.049492 0.160775 0.007478
-0.03224 0.125589 0.002133
-0.08885 0.151809 0.015185
0.034309 0.113032 0.02524
0.037598 0.10834 0.024186
-0.025427 0.181837 -0.008923
0.028089 0.092917 0.044273
-0.000498 0.112805 0.042118
0.003289 0.131137 0.019485
-0.003169 0.131012 0.017123
0.006807 0.129132 0.02652
0.007735 0.128847 0.026856
-0.044507 0.128204 0.01974
-0.028835 0.125617 0.009249
-0.040797 0.128426 0.003384
-0.088826 0.122625 0.002295
-0.003261 0.099438 0.049951
-0.042678 0.168728 0.002348
-0.065709 0.157202 -0.008827
-0.064595 0.155196 -0.008403
-0.063546 0.153079 -0.008009
-0.023645 0.090606 0.051472
-0.056493 0.046591 0.042051
-0.055499 0.04663 0.042195
-0.053498 0.046576 0.04204
-0.052501 0.046573 0.042039
-0.0515 0.046558 0.04179
-0.050497 0.046548 0.041429
-0.049501 0.046483 0.041141
-0.048497 0.046489 0.040915
-0.047497 0.046488 0.040801
-0.046496 0.046476 0.040784
-0.045499 0.046488 0.040801
-0.044498 0.046501 0.040929
-0.043502 0.046506 0.040728
-0.042495 0.046452 0.04063
-0.041495 0.046493 0.040815
-0.040495 0.046491 0.040813
-0.039493 0.046476 0.040496
-0.038494 0.046444 0.04022
-0.0375 0.046437 0.040096
-0.036507 0.046442 0.0402
-0.025511 0.093619 -0.029375
-0.029799 0.12434 0.000117
-0.030823 0.12443 -0.00028
-0.031745 0.124703 -0.000629
-0.032632 0.125019 -0.000941
-0.03351 0.125389 -0.00127
-0.034438 0.125663 -0.00162
-0.028455 0.047226 0.048808
-0.02746 0.047302 0.049522
-0.026477 0.047367 0.049912
-0.025442 0.047368 0.050316
-0.024461 0.047433 0.050725
-0.023491 0.047496 0.051014
-0.022484 0.047463 0.051092
-0.021495 0.047456 0.050979
-0.020508 0.047442 0.050855
-0.019514 0.047411 0.050612
-0.018513 0.047386 0.05026
-0.017535 0.047294 0.04984
-0.016523 0.047288 0.049493
-0.015503 0.047275 0.049026
-0.014496 0.047235 0.048447
-0.013496 0.047209 0.048093
-0.012497 0.0472 0.047981
-0.011498 0.047191 0.047861
-0.010495 0.047172 0.04779
-0.009496 0.047169 0.047803
-0.008518 0.047123 0.047663
-0.007505 0.047113 0.047829
-0.006501 0.047214 0.048284
-0.005495 0.047296 0.048594
-0.004493 0.047335 0.04895
-0.003492 0.047356 0.049062
-0.002493 0.047407 0.049158
-0.001478 0.047453 0.049375
-0.000486 0.047441 0.049521
0.000507 0.047421 0.049671
0.001509 0.047448 0.049901
0.002507 0.047443 0.049905
0.003501 0.047439 0.050039
0.004499 0.047477 0.050128
0.005494 0.04747 0.050004
0.006485 0.047441 0.049764
0.007476 0.047411 0.049396
0.008492 0.047303 0.048848
0.009463 0.047292 0.04833
0.010436 0.047244 0.047556
-0.076498 0.13725 0.04992
-0.07749 0.137247 0.049916
-0.032517 0.115309 0.033223
0.034869 0.112104 0.025447
-0.005495 0.114185 0.04094
-0.075504 0.137255 0.049807
-0.074503 0.137269 0.049596
-0.073508 0.137262 0.049352
-0.071511 0.145604 0.043416
-0.072506 0.145589 0.043649
-0.067514 0.148386 0.039876
-0.066395 0.148276 0.039378
-0.081024 0.093682 -0.008569
0.043279 0.100122 0.009163
-0.047513 0.156385 0.009149
0.040285 0.10561 0.017163
-0.077485 0.142838 0.045854
-0.074912 0.151363 0.036306
-0.028477 0.177212 -0.006077
0.032509 0.045433 0.030293
0.033507 0.045389 0.030075
0.034502 0.045412 0.030184
0.035496 0.045407 0.030343
0.036494 0.045421 0.030467
0.037501 0.045461 0.03069
0.038502 0.045496 0.030778
-0.015498 0.114109 0.039201
-0.047505 0.16079 0.00736
-0.043442 0.160833 0.00573
-0.012768 0.163589 -0.01268
0.032321 0.116577 0.023063
-0.041499 0.168206 0.002962
0.039371 0.104176 0.025187
0.02996 0.102103 0.03823
-0.025589 0.182763 -0.010509
-0.02455 0.183147 -0.010424
-0.010007 0.130157 0.014635
-0.01859 0.128007 0.01152
0.000382 0.128869 0.027096
0.009615 0.122501 0.034806
-0.068999 0.150311 0.038404
-0.074277 0.161639 -0.011894
-0.069914 0.161541 -0.010383
-0.043766 0.168716 0.001961
-0.00338 0.130095 0.022824
-0.063755 0.15245 -0.005171
-0.067462 0.157723 -0.006582
-0.069608 0.159782 -0.007384
-0.056495 0.047766 0.039518
-0.055493 0.047797 0.039895
-0.054472 0.047875 0.040218
-0.053495 0.047826 0.04003
-0.052498 0.047778 0.039764
-0.051499 0.047729 0.039611
-0.050494 0.04773 0.039722
-0.049498 0.047769 0.039513
-0.048493 0.047761 0.039505
-0.047496 0.047792 0.039652
-0.046498 0.047794 0.039654
-0.045503 0.047804 0.039672
-0.044502 0.047829 0.039928
-0.043501 0.047842 0.040059
-0.042504 0.047859 0.040107
-0.041499 0.047855 0.040117
-0.040495 0.047842 0.040073
-0.039489 0.047829 0.039872
-0.038492 0.047818 0.039831
-0.037493 0.047815 0.039718
-0.036503 0.047807 0.039588
-0.035527 0.04785 0.03964
-0.069742 0.164473 -0.016119
-0.068917 0.164003 -0.015809
-0.068141 0.163425 -0.015525
-0.067394 0.162815 -0.015253
-0.066693 0.162075 -0.014983
-0.066087 0.161167 -0.014759
-0.065494 0.160255 -0.014543
-0.027453 0.04853 0.04796
-0.026474 0.04862 0.048582
-0.025494 0.048693 0.048969
-0.024478 0.048683 0.049293
-0.023488 0.048702 0.049308
-0.022491 0.04868 0.049188
-0.021498 0.048663 0.049062
-0.020502 0.048648 0.048937
-0.019485 0.048656 0.048501
-0.018496 0.048616 0.04823
-0.017497 0.048594 0.047882
-0.016497 0.048574 0.047634
-0.015498 0.048575 0.047639
-0.014496 0.048598 0.04788
-0.013506 0.048616 0.048183
-0.012502 0.048678 0.048765
-0.011499 0.048685 0.049006
-0.010491 0.048786 0.04929
-0.009486 0.048834 0.049635
-0.008476 0.048912 0.050084
-0.007483 0.048896 0.050243
-0.006496 0.048832 0.050181
-0.00549 0.048884 0.05026
-0.004494 0.048868 0.050411
-0.003486 0.048939 0.050606
-0.002497 0.048876 0.050537
-0.001486 0.048942 0.050736
-0.000497 0.048905 0.050903
0.000506 0.048975 0.051226
0.001506 0.049002 0.051327
0.002503 0.048988 0.051344
0.003502 0.048955 0.05138
0.004501 0.04895 0.051253
0.005495 0.048959 0.051102
0.006493 0.048929 0.05087
0.007488 0.048894 0.050504
0.008499 0.048821 0.05006
0.009492 0.048769 0.049446
0.010445 0.048816 0.048707
-0.072496 0.123205 0.053511
-0.009494 0.122405 0.034873
0.044996 0.093174 0.004181
-0.089364 0.111932 0.017326
0.000497 0.112823 0.04206
-0.074496 0.123196 0.053357
-0.057672 0.155657 0.012957
0.005993 0.131555 0.01617
-0.076497 0.123179 0.052766
-0.073501 0.145587 0.043772
-0.074493 0.145596 0.043786
-0.075489 0.145614 0.043684
-0.076484 0.145607 0.043552
-0.065464 0.148292 0.038816
-0.064519 0.148285 0.03832
-0.063566 0.148289 0.037853
-0.062468 0.148372 0.037316
-0.061629 0.148291 0.037071
-0.000397 0.131333 0.016701
-0.00149 0.131258 0.0163
0.03252 0.046924 0.031081
0.033506 0.046898 0.030681
0.034503 0.046884 0.030719
0.035498 0.046922 0.030944
0.036483 0.04691 0.031146
0.037489 0.046945 0.031368
0.038494 0.046955 0.031489
0.040502 0.046992 0.031552
-0.089323 0.14203 0.032157
0.001494 0.112812 0.041921
-0.077496 0.131676 0.05273
-0.002669 0.131274 0.013001
-0.062521 0.151129 0.035907
0.044423 0.091745 0.021157
0.00249 0.112797 0.041666
0.043295 0.098714 0.016157
-0.035463 0.172718 -0.000342
-0.02246 0.183226 -0.011512
0.043087 0.093073 0.025158
-0.026077 0.125932 0.008802
-0.035823 0.127618 0.005226
-0.041787 0.128546 0.003022
-0.072856 0.162156 -0.011432
-0.069106 0.161031 -0.0101
-0.068378 0.160357 -0.009824
-0.064349 0.153359 -0.005402
-0.068165 0.158429 -0.00684
-0.07048 0.1602 -0.007686
-0.072507 0.160609 -0.008355
-0.0555 0.048879 0.036224
0.003486 0.11278 0.041408
-0.053469 0.049159 0.037371
-0.05252 0.049012 0.037972
-0.051508 0.049035 0.037644
-0.050554 0.049087 0.03731
-0.049507 0.049043 0.03776
-0.048505 0.049079 0.038142
-0.047513 0.049128 0.038552
-0.046511 0.049143 0.038796
-0.045493 0.049146 0.039002
-0.044507 0.049188 0.039305
-0.043504 0.049209 0.039553
-0.042501 0.049221 0.039679
-0.041501 0.049219 0.039681
-0.040497 0.049216 0.039596
-0.039494 0.049207 0.039554
-0.038486 0.049204 0.039484
-0.037485 0.049199 0.039381
-0.036477 0.049172 0.039119
-0.035498 0.04915 0.038916
-0.004031 0.098711 0.051165
-0.035809 0.12684 0.017016
-0.006796 0.100851 0.04565
-0.043296 0.128843 0.014275
-0.058162 0.155642 0.014237
-0.073046 0.158091 -0.004193
-0.026502 0.049854 0.046118
-0.025489 0.049863 0.046603
-0.024499 0.049902 0.046626
-0.023497 0.049897 0.046865
-0.022497 0.049885 0.046496
-0.021496 0.049883 0.046615
-0.020507 0.049871 0.046386
-0.019494 0.049884 0.046612
-0.018511 0.049905 0.046784
-0.0175 0.049922 0.047006
-0.016502 0.049958 0.047389
-0.01548 0.050028 0.047966
-0.014494 0.050094 0.048733
-0.013498 0.050178 0.049579
-0.012532 0.050237 0.050201
-0.011487 0.050276 0.050395
-0.010493 0.050281 0.050528
-0.009494 0.050308 0.050766
-0.008495 0.050327 0.051012
-0.007493 0.050355 0.051246
-0.006489 0.050378 0.051354
-0.005497 0.050381 0.051622
-0.004499 0.050412 0.051989
-0.003495 0.05046 0.052334
-0.002494 0.050509 0.052682
-0.001495 0.050553 0.052909
-0.000498 0.050518 0.052937
0.000511 0.050382 0.052438
0.001501 0.050439 0.052227
0.002502 0.050484 0.052292
0.003498 0.050512 0.052524
0.004501 0.050474 0.052451
0.005511 0.050409 0.05214
0.006506 0.050387 0.051753
0.007491 0.050377 0.05135
0.008471 0.050362 0.050945
0.009519 0.050402 0.050443
-0.062551 0.147537 -0.011572
-0.090804 0.122683 0.006276
-0.0626 0.160001 -0.020585
-0.026605 0.091678 -0.031606
-0.070351 0.170836 -0.052033
-0.074489 0.128852 0.052663
-0.061731 0.142927 -0.005658
-0.094571 0.122812 0.018272
0.03276 0.11383 -0.002619
-0.009475 0.130265 0.013388
-0.052847 0.140082 0.025419
-0.006489 0.122405 0.035477
-0.013019 0.129549 0.012095
-0.061714 0.155302 -0.025581
-0.085338 0.107683 0.02134
-0.077493 0.145636 0.043211
0.003236 0.131729 0.010881
-0.089634 0.140659 0.03018
-0.026762 0.124714 0.018819
-0.029305 0.125075 0.003234
0.033536 0.04835 0.031249
0.034506 0.048366 0.031072
0.035498 0.048376 0.03122
0.036493 0.048405 0.031467
0.037491 0.048432 0.031717
0.038489 0.048451 0.031996
0.039494 0.048453 0.032148
0.040502 0.048475 0.032221
-0.039486 0.115305 0.033581
-0.088139 0.122604 0.000302
0.039673 0.107002 0.016165
0.039857 0.101362 0.026182
-0.074491 0.146991 0.042399
-0.042497 0.165251 0.004499
-0.070474 0.121802 0.053345
0.026751 0.102116 0.040601
-0.0878 0.119885 0.000284
-0.089797 0.129515 0.005246
-0.026941 0.181454 -0.014028
-0.030749 0.125973 0.008546
-0.074715 0.155426 0.02584
-0.062411 0.148891 -0.004596
